1.05 -0.24 1.151 0 0 -0.173648 0.984808 
1.15 0.05 1.2 0.688191 0.0150164 -0.015824 0.725202 

1.05 -0.24 1.151 0 0 -0.173648 0.984808 
1.052 -0.2342 1.15198 0.0152294 0.000332307 -0.171223 0.985115 
1.054 -0.2284 1.15296 0.0304551 0.000664534 -0.168756 0.985187 
1.056 -0.2226 1.15394 0.0456736 0.000996603 -0.16625 0.985025 
1.058 -0.2168 1.15492 0.0608812 0.00132844 -0.163704 0.984628 
1.06 -0.211 1.1559 0.0760744 0.00165995 -0.161119 0.983997 
1.062 -0.2052 1.15688 0.0912494 0.00199107 -0.158496 0.983132 
1.064 -0.1994 1.15786 0.106403 0.00232172 -0.155835 0.982033 
1.066 -0.1936 1.15884 0.121531 0.00265181 -0.153137 0.9807 
1.068 -0.1878 1.15982 0.13663 0.00298128 -0.150402 0.979134 
1.07 -0.182 1.1608 0.151696 0.00331003 -0.147632 0.977334 
1.072 -0.1762 1.16178 0.166727 0.003638 -0.144826 0.975302 
1.074 -0.1704 1.16276 0.181717 0.0039651 -0.141986 0.973038 
1.076 -0.1646 1.16374 0.196665 0.00429125 -0.139113 0.970542 
1.078 -0.1588 1.16472 0.211566 0.00461639 -0.136206 0.967815 
1.08 -0.153 1.1657 0.226416 0.00494042 -0.133266 0.964858 
1.082 -0.1472 1.16668 0.241212 0.00526328 -0.130295 0.961671 
1.084 -0.1414 1.16766 0.255951 0.00558489 -0.127293 0.958256 
1.086 -0.1356 1.16864 0.27063 0.00590517 -0.124261 0.954612 
1.088 -0.1298 1.16962 0.285243 0.00622404 -0.121199 0.950741 
1.09 -0.124 1.1706 0.299789 0.00654143 -0.118108 0.946644 
1.092 -0.1182 1.17158 0.314263 0.00685726 -0.114989 0.942321 
1.094 -0.1124 1.17256 0.328663 0.00717146 -0.111843 0.937774 
1.096 -0.1066 1.17354 0.342984 0.00748396 -0.10867 0.933004 
1.098 -0.1008 1.17452 0.357224 0.00779467 -0.105472 0.928012 
1.1 -0.095 1.1755 0.371379 0.00810353 -0.102248 0.922799 
1.102 -0.0892 1.17648 0.385445 0.00841046 -0.0989996 0.917366 
1.104 -0.0834 1.17746 0.39942 0.00871539 -0.0957279 0.911715 
1.106 -0.0776 1.17844 0.413299 0.00901824 -0.0924334 0.905847 
1.108 -0.0718 1.17942 0.427081 0.00931895 -0.0891169 0.899763 
1.11 -0.066 1.1804 0.44076 0.00961743 -0.0857791 0.893465 
1.112 -0.0602 1.18138 0.454335 0.00991363 -0.082421 0.886955 
1.114 -0.0544 1.18236 0.467801 0.0102075 -0.0790432 0.880233 
1.116 -0.0486 1.18334 0.481156 0.0104989 -0.0756466 0.873302 
1.118 -0.0428 1.18432 0.494397 0.0107878 -0.0722321 0.866163 
1.12 -0.037 1.1853 0.50752 0.0110741 -0.0688003 0.858818 
1.122 -0.0312 1.18628 0.520522 0.0113578 -0.0653521 0.851268 
1.124 -0.0254 1.18726 0.5334 0.0116388 -0.0618884 0.843516 
1.126 -0.0196 1.18824 0.546151 0.0119171 -0.05841 0.835563 
1.128 -0.0138 1.18922 0.558772 0.0121925 -0.0549176 0.827411 
1.13 -0.008 1.1902 0.571261 0.012465 -0.0514122 0.819062 
1.132 -0.0022 1.19118 0.583613 0.0127345 -0.0478946 0.810518 
1.134 0.0036 1.19216 0.595826 0.013001 -0.0443655 0.801782 
1.136 0.0094 1.19314 0.607898 0.0132644 -0.0408259 0.792854 
1.138 0.0152 1.19412 0.619825 0.0135246 -0.0372766 0.783738 
1.14 0.021 1.1951 0.631604 0.0137817 -0.0337184 0.774435 
1.142 0.0268 1.19608 0.643233 0.0140354 -0.0301522 0.764948 
1.144 0.0326 1.19706 0.654709 0.0142858 -0.0265788 0.755279 
1.146 0.0384 1.19804 0.666029 0.0145328 -0.022999 0.74543 
1.148 0.0442 1.19902 0.67719 0.0147764 -0.0194138 0.735403 
1.15 0.05 1.2 0.688191 0.0150164 -0.015824 0.725202 

